# ombh2 omch2 cosmomc_theta tau As ns nrun A_planck
2.232677138867181968e-08 -9.058696967905205571e-08 1.477889734635610200e-10 3.699465969874018584e-07 1.518422936289796449e-15 2.127751197900586320e-07 -2.558335074098138080e-07 3.012434695959999634e-08
-9.058696967905205571e-08 1.446754366039310074e-06 -1.165279593290214042e-09 -4.036948754496527201e-06 -1.050948677534254638e-14 -3.688342382003632623e-06 -8.587533884017939347e-07 -2.586773615512263245e-07
1.477889734635610200e-10 -1.165279593290214042e-09 9.120416486139543174e-12 4.035159601941526723e-09 1.352810106943559616e-17 3.886450669796646168e-09 1.550621619731041186e-10 1.471675475247048382e-10
3.699465969874018584e-07 -4.036948754496527201e-06 4.035159601941526723e-09 6.037746620660728328e-05 2.314732591301630060e-13 1.121042803369185376e-05 -7.956822683582119165e-06 -1.066145403528750049e-06
1.518422936289796449e-15 -1.050948677534254638e-14 1.352810106943559616e-17 2.314732591301630060e-13 1.040583332160722078e-21 2.573848161105009357e-14 -5.960974855243922163e-14 2.028288530812806717e-14
2.127751197900586320e-07 -3.688342382003632623e-06 3.886450669796646168e-09 1.121042803369185376e-05 2.573848161105009357e-14 1.886645353708377921e-05 8.707174918770235124e-06 9.082073180991205529e-07
-2.558335074098138609e-07 -8.587533884017939347e-07 1.550621619731040928e-10 -7.956822683582119165e-06 -5.960974855243922163e-14 8.707174918770235124e-06 4.490204570232487748e-05 -1.686196464887819737e-07
3.012434695959999634e-08 -2.586773615512263245e-07 1.471675475247048382e-10 -1.066145403528750049e-06 2.028288530812806717e-14 9.082073180991205529e-07 -1.686196464887819472e-07 6.218857450335774339e-06
